2022-05-14 22:46:53.917222  | run_84 Running 20520 sampler iterations.
2022-05-14 22:46:56.065358  | run_84 launch_sampler
2022-05-14 22:46:56.087707  | run_84 run_async_sampler_eval
2022-05-14 22:46:56.090573  | run_84 Optimizer master CPU affinity: [0].
2022-05-14 22:46:56.208074  | run_84 Optimizer master Torch threads: 1.
2022-05-14 22:46:56.211636  | run_84 Initialized async CPU agent model.
2022-05-14 22:46:56.211888  | run_84 Total parallel evaluation envs: 76.
2022-05-14 22:46:58.363944  | run_84 Sampler rank 0 initialized, CPU affinity [1], Torch threads 1, Seed 3524
2022-05-14 22:46:58.376485  | run_84 Sampler rank 1 initialized, CPU affinity [2], Torch threads 1, Seed 3525
2022-05-14 22:46:58.384399  | run_84 Sampler rank 2 initialized, CPU affinity [3], Torch threads 1, Seed 3526
2022-05-14 22:46:58.394803  | run_84 Sampler rank 3 initialized, CPU affinity [4], Torch threads 1, Seed 3527
2022-05-14 22:46:58.405511  | run_84 Sampler rank 4 initialized, CPU affinity [5], Torch threads 1, Seed 3528
2022-05-14 22:46:58.414126  | run_84 Sampler rank 5 initialized, CPU affinity [6], Torch threads 1, Seed 3529
2022-05-14 22:46:58.428136  | run_84 Sampler rank 6 initialized, CPU affinity [7], Torch threads 1, Seed 3530
2022-05-14 22:46:58.437038  | run_84 Sampler rank 7 initialized, CPU affinity [8], Torch threads 1, Seed 3531
2022-05-14 22:46:58.446583  | run_84 Sampler rank 8 initialized, CPU affinity [9], Torch threads 1, Seed 3532
2022-05-14 22:46:58.456098  | run_84 Sampler rank 9 initialized, CPU affinity [10], Torch threads 1, Seed 3533
2022-05-14 22:46:58.467752  | run_84 Sampler rank 10 initialized, CPU affinity [11], Torch threads 1, Seed 3534
2022-05-14 22:46:58.476134  | run_84 Sampler rank 11 initialized, CPU affinity [12], Torch threads 1, Seed 3535
2022-05-14 22:46:58.481518  | run_84 Sampler rank 12 initialized, CPU affinity [13], Torch threads 1, Seed 3536
2022-05-14 22:46:58.489987  | run_84 Sampler rank 13 initialized, CPU affinity [14], Torch threads 1, Seed 3537
2022-05-14 22:46:58.496128  | run_84 Sampler rank 14 initialized, CPU affinity [15], Torch threads 1, Seed 3538
2022-05-14 22:46:58.509798  | run_84 Sampler rank 15 initialized, CPU affinity [16], Torch threads 1, Seed 3539
2022-05-14 22:46:58.516331  | run_84 Sampler rank 16 initialized, CPU affinity [17], Torch threads 1, Seed 3540
2022-05-14 22:46:58.526101  | run_84 Sampler rank 17 initialized, CPU affinity [18], Torch threads 1, Seed 3541
2022-05-14 22:46:58.542236  | run_84 Sampler rank 18 initialized, CPU affinity [19], Torch threads 1, Seed 3542
2022-05-14 22:47:01.273409  | run_84 Initialized agent model on device: cuda:0.
2022-05-14 22:47:18.062965  | run_84 ***************** DecorrelatingStartCollector start_envs *****************
2022-05-14 22:47:18.177856  | run_84 ***************** DecorrelatingStartCollector start_envs *****************
2022-05-14 22:47:18.213533  | run_84 ***************** DecorrelatingStartCollector start_envs *****************
2022-05-14 22:47:18.255466  | run_84 ***************** DecorrelatingStartCollector start_envs *****************
2022-05-14 22:47:18.490417  | run_84 ***************** DecorrelatingStartCollector start_envs *****************
2022-05-14 22:47:18.634926  | run_84 ***************** DecorrelatingStartCollector start_envs *****************
2022-05-14 22:47:18.733650  | run_84 ***************** DecorrelatingStartCollector start_envs *****************
2022-05-14 22:47:19.294124  | run_84 ***************** DecorrelatingStartCollector start_envs *****************
2022-05-14 22:47:19.381746  | run_84 ***************** DecorrelatingStartCollector start_envs *****************
2022-05-14 22:47:19.400121  | run_84 ***************** DecorrelatingStartCollector start_envs *****************
2022-05-14 22:47:19.473860  | run_84 ***************** DecorrelatingStartCollector start_envs *****************
2022-05-14 22:47:19.473945  | run_84 ***************** DecorrelatingStartCollector start_envs *****************
2022-05-14 22:47:19.475144  | run_84 ***************** DecorrelatingStartCollector start_envs *****************
2022-05-14 22:47:19.477684  | run_84 ***************** DecorrelatingStartCollector start_envs *****************
2022-05-14 22:47:19.478565  | run_84 ***************** DecorrelatingStartCollector start_envs *****************
2022-05-14 22:47:19.478856  | run_84 ***************** DecorrelatingStartCollector start_envs *****************
2022-05-14 22:47:19.481801  | run_84 Sampler decorrelating envs, max steps: 100
2022-05-14 22:47:19.482761  | run_84 ***************** DecorrelatingStartCollector start_envs *****************
2022-05-14 22:47:19.535664  | run_84 ***************** DecorrelatingStartCollector start_envs *****************
2022-05-14 22:47:19.536631  | run_84 ***************** DecorrelatingStartCollector start_envs *****************
2022-05-14 22:47:32.571292  | run_84 ------------evaluating---------------
2022-05-14 22:47:32.572166  | run_84 ------------evaluating---------------
2022-05-14 22:47:32.572282  | run_84 ------------evaluating---------------
2022-05-14 22:47:32.573443  | run_84 ------------evaluating---------------
2022-05-14 22:47:32.573539  | run_84 ------------evaluating---------------
2022-05-14 22:47:32.573550  | run_84 ------------evaluating---------------
2022-05-14 22:47:32.573663  | run_84 ------------evaluating---------------
2022-05-14 22:47:32.573933  | run_84 ------------evaluating---------------
2022-05-14 22:47:32.574200  | run_84 ------------evaluating---------------
2022-05-14 22:47:32.574206  | run_84 ------------evaluating---------------
2022-05-14 22:47:32.574451  | run_84 ------------evaluating---------------
2022-05-14 22:47:32.574632  | run_84 ------------evaluating---------------
2022-05-14 22:47:32.574181  | run_84 ------------evaluating---------------
2022-05-14 22:47:32.576423  | run_84 ------------evaluating---------------
2022-05-14 22:47:32.574736  | run_84 ------------evaluating---------------
2022-05-14 22:47:32.574953  | run_84 ------------evaluating---------------
2022-05-14 22:47:32.575278  | run_84 ------------evaluating---------------
2022-05-14 22:47:32.575767  | run_84 ------------evaluating---------------
2022-05-14 22:47:32.576685  | run_84 ------------evaluating---------------
2022-05-14 22:48:00.127831  | run_84 Evaluation reached max num trajectories (352).
2022-05-14 22:48:06.134515  | run_84 saving snapshot...
2022-05-14 22:48:06.167658  | run_84 saved
2022-05-14 22:48:06.198193  | -------------------------------------------------  ----------
2022-05-14 22:48:06.198605  | Diagnostics/StepsInEval                            56784
2022-05-14 22:48:06.198723  | Diagnostics/TrajsInEval                              364
2022-05-14 22:48:06.198831  | Diagnostics/CumEvalTime                               27.6635
2022-05-14 22:48:06.198950  | Diagnostics/Iteration                                  0
2022-05-14 22:48:06.199065  | Diagnostics/SamplerIteration                           0
2022-05-14 22:48:06.199211  | Diagnostics/CumTime (s)                               64.8911
2022-05-14 22:48:06.199306  | Diagnostics/CumSteps                                   0
2022-05-14 22:48:06.199388  | Diagnostics/CumUpdates                                 0
2022-05-14 22:48:06.199479  | Diagnostics/ReplayRatio                                0
2022-05-14 22:48:06.199555  | Diagnostics/CumReplayRatio                             0
2022-05-14 22:48:06.199604  | Diagnostics/StepsPerSecond                           nan
2022-05-14 22:48:06.199651  | Diagnostics/NonEvalSamplesPerSecond                  nan
2022-05-14 22:48:06.199700  | Diagnostics/UpdatesPerSecond                         nan
2022-05-14 22:48:06.199746  | Diagnostics/OptThrottle                                1
2022-05-14 22:48:06.199794  | Traj_Infos/Length                                    156
2022-05-14 22:48:06.199841  | Traj_Infos/Return                                    -65.5242
2022-05-14 22:48:06.199905  | Traj_Infos/NonzeroRewards                            150
2022-05-14 22:48:06.199960  | Traj_Infos/DiscountedReturn                          -32.5785
2022-05-14 22:48:06.200007  | Traj_Infos/dooropenv1_episode_success                  0
2022-05-14 22:48:06.200076  | Traj_Infos/dooropenv1_episode_success_traj_sum         0
2022-05-14 22:48:06.200124  | Traj_Infos/drawerclosev1_episode_success               0
2022-05-14 22:48:06.200171  | Traj_Infos/drawerclosev1_episode_success_traj_sum      0
2022-05-14 22:48:06.200218  | Traj_Infos/draweropenv1_episode_success                0
2022-05-14 22:48:06.200263  | Traj_Infos/draweropenv1_episode_success_traj_sum       0
2022-05-14 22:48:06.200307  | Traj_Infos/doorclosev1_episode_success                 0
2022-05-14 22:48:06.200353  | Traj_Infos/doorclosev1_episode_success_traj_sum        0
2022-05-14 22:48:06.200399  | Traj_Infos/episode_success                             0
2022-05-14 22:48:06.200444  | Traj_Infos/episode_success_traj_sum                    0
2022-05-14 22:48:06.200488  | Traj_Infos/training_episode_success                    0
2022-05-14 22:48:06.200532  | Traj_Infos/training_episode_success_traj_sum           0
2022-05-14 22:48:06.200576  | Traj_Infos/testing_episode_success                     0
2022-05-14 22:48:06.200621  | Traj_Infos/testing_episode_success_traj_sum            0
2022-05-14 22:48:06.200665  | Traj_Infos/demonstration_success                       0
2022-05-14 22:48:06.200709  | Traj_Infos/demonstration_success_traj_sum              0
2022-05-14 22:48:06.200753  | Traj_Infos/timeout                                     0
2022-05-14 22:48:06.200798  | Traj_Infos/timeout_traj_sum                            0
2022-05-14 22:48:06.200843  | loss/Average                                         nan
2022-05-14 22:48:06.200902  | loss/Std                                             nan
2022-05-14 22:48:06.200952  | loss/Median                                          nan
2022-05-14 22:48:06.200999  | loss/Min                                             nan
2022-05-14 22:48:06.201044  | loss/Max                                             nan
2022-05-14 22:48:06.201087  | pi_loss/Average                                      nan
2022-05-14 22:48:06.201130  | pi_loss/Std                                          nan
2022-05-14 22:48:06.201174  | pi_loss/Median                                       nan
2022-05-14 22:48:06.201217  | pi_loss/Min                                          nan
2022-05-14 22:48:06.201260  | pi_loss/Max                                          nan
2022-05-14 22:48:06.201303  | eta_loss/Average                                     nan
2022-05-14 22:48:06.201347  | eta_loss/Std                                         nan
2022-05-14 22:48:06.201390  | eta_loss/Median                                      nan
2022-05-14 22:48:06.201435  | eta_loss/Min                                         nan
2022-05-14 22:48:06.201478  | eta_loss/Max                                         nan
2022-05-14 22:48:06.201522  | alpha_loss/Average                                   nan
2022-05-14 22:48:06.201564  | alpha_loss/Std                                       nan
2022-05-14 22:48:06.201607  | alpha_loss/Median                                    nan
2022-05-14 22:48:06.201650  | alpha_loss/Min                                       nan
2022-05-14 22:48:06.201693  | alpha_loss/Max                                       nan
2022-05-14 22:48:06.201736  | value_loss/Average                                   nan
2022-05-14 22:48:06.201778  | value_loss/Std                                       nan
2022-05-14 22:48:06.201821  | value_loss/Median                                    nan
2022-05-14 22:48:06.201864  | value_loss/Min                                       nan
2022-05-14 22:48:06.201919  | value_loss/Max                                       nan
2022-05-14 22:48:06.201962  | alpha_mu_loss/Average                                nan
2022-05-14 22:48:06.202005  | alpha_mu_loss/Std                                    nan
2022-05-14 22:48:06.202049  | alpha_mu_loss/Median                                 nan
2022-05-14 22:48:06.202146  | alpha_mu_loss/Min                                    nan
2022-05-14 22:48:06.202191  | alpha_mu_loss/Max                                    nan
2022-05-14 22:48:06.202243  | alpha_sigma_loss/Average                             nan
2022-05-14 22:48:06.202286  | alpha_sigma_loss/Std                                 nan
2022-05-14 22:48:06.202328  | alpha_sigma_loss/Median                              nan
2022-05-14 22:48:06.202370  | alpha_sigma_loss/Min                                 nan
2022-05-14 22:48:06.202413  | alpha_sigma_loss/Max                                 nan
2022-05-14 22:48:06.202456  | mu_kl/Average                                        nan
2022-05-14 22:48:06.202498  | mu_kl/Std                                            nan
2022-05-14 22:48:06.202540  | mu_kl/Median                                         nan
2022-05-14 22:48:06.202583  | mu_kl/Min                                            nan
2022-05-14 22:48:06.202625  | mu_kl/Max                                            nan
2022-05-14 22:48:06.202668  | sigma_kl/Average                                     nan
2022-05-14 22:48:06.202710  | sigma_kl/Std                                         nan
2022-05-14 22:48:06.202752  | sigma_kl/Median                                      nan
2022-05-14 22:48:06.202794  | sigma_kl/Min                                         nan
2022-05-14 22:48:06.202837  | sigma_kl/Max                                         nan
2022-05-14 22:48:06.202879  | advantage/Average                                    nan
2022-05-14 22:48:06.202933  | advantage/Std                                        nan
2022-05-14 22:48:06.202975  | advantage/Median                                     nan
2022-05-14 22:48:06.203018  | advantage/Min                                        nan
2022-05-14 22:48:06.203062  | advantage/Max                                        nan
2022-05-14 22:48:06.203106  | normalized_return/Average                            nan
2022-05-14 22:48:06.203148  | normalized_return/Std                                nan
2022-05-14 22:48:06.203191  | normalized_return/Median                             nan
2022-05-14 22:48:06.203233  | normalized_return/Min                                nan
2022-05-14 22:48:06.203276  | normalized_return/Max                                nan
2022-05-14 22:48:06.203318  | alpha/Average                                        nan
2022-05-14 22:48:06.203360  | alpha/Std                                            nan
2022-05-14 22:48:06.203402  | alpha/Median                                         nan
2022-05-14 22:48:06.203444  | alpha/Min                                            nan
2022-05-14 22:48:06.203487  | alpha/Max                                            nan
2022-05-14 22:48:06.203530  | eta/Average                                          nan
2022-05-14 22:48:06.203572  | eta/Std                                              nan
2022-05-14 22:48:06.203614  | eta/Median                                           nan
2022-05-14 22:48:06.203656  | eta/Min                                              nan
2022-05-14 22:48:06.203699  | eta/Max                                              nan
2022-05-14 22:48:06.203742  | alpha_mu/Average                                     nan
2022-05-14 22:48:06.203784  | alpha_mu/Std                                         nan
2022-05-14 22:48:06.203826  | alpha_mu/Median                                      nan
2022-05-14 22:48:06.203868  | alpha_mu/Min                                         nan
2022-05-14 22:48:06.203921  | alpha_mu/Max                                         nan
2022-05-14 22:48:06.203963  | alpha_sigma/Average                                  nan
2022-05-14 22:48:06.204006  | alpha_sigma/Std                                      nan
2022-05-14 22:48:06.204048  | alpha_sigma/Median                                   nan
2022-05-14 22:48:06.204090  | alpha_sigma/Min                                      nan
2022-05-14 22:48:06.204135  | alpha_sigma/Max                                      nan
2022-05-14 22:48:06.204177  | pi_mu/Average                                        nan
2022-05-14 22:48:06.204220  | pi_mu/Std                                            nan
2022-05-14 22:48:06.204268  | pi_mu/Median                                         nan
2022-05-14 22:48:06.204311  | pi_mu/Min                                            nan
2022-05-14 22:48:06.204354  | pi_mu/Max                                            nan
2022-05-14 22:48:06.204396  | pi_log_std/Average                                   nan
2022-05-14 22:48:06.204438  | pi_log_std/Std                                       nan
2022-05-14 22:48:06.204481  | pi_log_std/Median                                    nan
2022-05-14 22:48:06.204523  | pi_log_std/Min                                       nan
2022-05-14 22:48:06.204565  | pi_log_std/Max                                       nan
2022-05-14 22:48:06.204608  | policy_kl/Average                                    nan
2022-05-14 22:48:06.204650  | policy_kl/Std                                        nan
2022-05-14 22:48:06.204692  | policy_kl/Median                                     nan
2022-05-14 22:48:06.204735  | policy_kl/Min                                        nan
2022-05-14 22:48:06.204777  | policy_kl/Max                                        nan
2022-05-14 22:48:06.204819  | entropy/Average                                      nan
2022-05-14 22:48:06.204861  | entropy/Std                                          nan
2022-05-14 22:48:06.204914  | entropy/Median                                       nan
2022-05-14 22:48:06.204957  | entropy/Min                                          nan
2022-05-14 22:48:06.204999  | entropy/Max                                          nan
2022-05-14 22:48:06.205041  | perplexity/Average                                   nan
2022-05-14 22:48:06.205083  | perplexity/Std                                       nan
2022-05-14 22:48:06.205126  | perplexity/Median                                    nan
2022-05-14 22:48:06.205169  | perplexity/Min                                       nan
2022-05-14 22:48:06.205212  | perplexity/Max                                       nan
2022-05-14 22:48:06.205254  | optim_buffer_wait_time/Average                       nan
2022-05-14 22:48:06.205296  | optim_buffer_wait_time/Std                           nan
2022-05-14 22:48:06.205339  | optim_buffer_wait_time/Median                        nan
2022-05-14 22:48:06.205381  | optim_buffer_wait_time/Min                           nan
2022-05-14 22:48:06.205423  | optim_buffer_wait_time/Max                           nan
2022-05-14 22:48:06.205465  | -------------------------------------------------  ----------
2022-05-14 22:48:06.206188  | run_84 Optimizing over 342 sampler iterations.
2022-05-14 23:21:54.122148  | run_84 ------------evaluating---------------
2022-05-14 23:21:54.124744  | run_84 ------------evaluating---------------
2022-05-14 23:21:54.132250  | run_84 ------------evaluating---------------
2022-05-14 23:21:54.132264  | run_84 ------------evaluating---------------
2022-05-14 23:21:54.132263  | run_84 ------------evaluating---------------
2022-05-14 23:21:54.132819  | run_84 ------------evaluating---------------
2022-05-14 23:21:54.132253  | run_84 ------------evaluating---------------
2022-05-14 23:21:54.132755  | run_84 ------------evaluating---------------
2022-05-14 23:21:54.133029  | run_84 ------------evaluating---------------
2022-05-14 23:21:54.133703  | run_84 ------------evaluating---------------
2022-05-14 23:21:54.136905  | run_84 ------------evaluating---------------
2022-05-14 23:21:54.136716  | run_84 ------------evaluating---------------
2022-05-14 23:21:54.136810  | run_84 ------------evaluating---------------
2022-05-14 23:21:54.136708  | run_84 ------------evaluating---------------
2022-05-14 23:21:54.136908  | run_84 ------------evaluating---------------
2022-05-14 23:21:54.137190  | run_84 ------------evaluating---------------
2022-05-14 23:21:54.137287  | run_84 ------------evaluating---------------
2022-05-14 23:21:54.137390  | run_84 ------------evaluating---------------
2022-05-14 23:21:54.138637  | run_84 ------------evaluating---------------
2022-05-14 23:22:21.985146  | run_84 Evaluation reached max num trajectories (352).
2022-05-14 23:23:33.728256  | run_84 opt_itr #25 saving snapshot...
2022-05-14 23:23:33.794903  | run_84 opt_itr #25 saved
2022-05-14 23:23:35.118133  | -------------------------------------------------  ----------------
2022-05-14 23:23:35.118536  | Diagnostics/StepsInEval                             55536
2022-05-14 23:23:35.118654  | Diagnostics/TrajsInEval                               356
2022-05-14 23:23:35.118762  | Diagnostics/CumEvalTime                                55.6005
2022-05-14 23:23:35.118867  | Diagnostics/Iteration                                  25
2022-05-14 23:23:35.118969  | Diagnostics/SamplerIteration                          353
2022-05-14 23:23:35.119074  | Diagnostics/CumTime (s)                              2192.52
2022-05-14 23:23:35.119178  | Diagnostics/CumSteps                                    5.15098e+06
2022-05-14 23:23:35.119279  | Diagnostics/CumUpdates                               2200
2022-05-14 23:23:35.119363  | Diagnostics/ReplayRatio                                 3.49883
2022-05-14 23:23:35.119458  | Diagnostics/CumReplayRatio                              3.49883
2022-05-14 23:23:35.119524  | Diagnostics/StepsPerSecond                           2421
2022-05-14 23:23:35.119576  | Diagnostics/NonEvalSamplesPerSecond                  2453.21
2022-05-14 23:23:35.119625  | Diagnostics/UpdatesPerSecond                            1.03402
2022-05-14 23:23:35.119673  | Diagnostics/OptThrottle                                 0.125317
2022-05-14 23:23:35.119721  | Traj_Infos/Length                                     156
2022-05-14 23:23:35.119769  | Traj_Infos/Return                                     -76.6571
2022-05-14 23:23:35.119819  | Traj_Infos/NonzeroRewards                             150
2022-05-14 23:23:35.119867  | Traj_Infos/DiscountedReturn                           -37.6008
2022-05-14 23:23:35.119918  | Traj_Infos/dooropenv1_episode_success                   0
2022-05-14 23:23:35.119966  | Traj_Infos/dooropenv1_episode_success_traj_sum          0
2022-05-14 23:23:35.120014  | Traj_Infos/drawerclosev1_episode_success                0
2022-05-14 23:23:35.120062  | Traj_Infos/drawerclosev1_episode_success_traj_sum       0
2022-05-14 23:23:35.120113  | Traj_Infos/draweropenv1_episode_success                 0
2022-05-14 23:23:35.120162  | Traj_Infos/draweropenv1_episode_success_traj_sum        0
2022-05-14 23:23:35.120213  | Traj_Infos/doorclosev1_episode_success                  0
2022-05-14 23:23:35.120261  | Traj_Infos/doorclosev1_episode_success_traj_sum         0
2022-05-14 23:23:35.120309  | Traj_Infos/episode_success                              0
2022-05-14 23:23:35.120358  | Traj_Infos/episode_success_traj_sum                     0
2022-05-14 23:23:35.120406  | Traj_Infos/training_episode_success                     0
2022-05-14 23:23:35.120470  | Traj_Infos/training_episode_success_traj_sum            0
2022-05-14 23:23:35.120519  | Traj_Infos/testing_episode_success                      0
2022-05-14 23:23:35.120566  | Traj_Infos/testing_episode_success_traj_sum             0
2022-05-14 23:23:35.120613  | Traj_Infos/demonstration_success                        0
2022-05-14 23:23:35.120659  | Traj_Infos/demonstration_success_traj_sum               0
2022-05-14 23:23:35.120706  | Traj_Infos/timeout                                      0
2022-05-14 23:23:35.120754  | Traj_Infos/timeout_traj_sum                             0
2022-05-14 23:23:35.120802  | loss/Average                                          455.889
2022-05-14 23:23:35.120848  | loss/Std                                             5358.93
2022-05-14 23:23:35.120895  | loss/Median                                            64.299
2022-05-14 23:23:35.120942  | loss/Min                                                6.44609
2022-05-14 23:23:35.120989  | loss/Max                                           192220
2022-05-14 23:23:35.121036  | pi_loss/Average                                         4.24553
2022-05-14 23:23:35.121083  | pi_loss/Std                                             0.340925
2022-05-14 23:23:35.121146  | pi_loss/Median                                          4.2363
2022-05-14 23:23:35.121194  | pi_loss/Min                                             2.35374
2022-05-14 23:23:35.121239  | pi_loss/Max                                             9.03389
2022-05-14 23:23:35.121285  | eta_loss/Average                                       32.1593
2022-05-14 23:23:35.121332  | eta_loss/Std                                            8.36167
2022-05-14 23:23:35.121377  | eta_loss/Median                                        35.2959
2022-05-14 23:23:35.121431  | eta_loss/Min                                           -2.35371
2022-05-14 23:23:35.121480  | eta_loss/Max                                           37.37
2022-05-14 23:23:35.121526  | alpha_loss/Average                                    nan
2022-05-14 23:23:35.121572  | alpha_loss/Std                                        nan
2022-05-14 23:23:35.121617  | alpha_loss/Median                                     nan
2022-05-14 23:23:35.121663  | alpha_loss/Min                                        nan
2022-05-14 23:23:35.121708  | alpha_loss/Max                                        nan
2022-05-14 23:23:35.121753  | value_loss/Average                                    419.477
2022-05-14 23:23:35.121798  | value_loss/Std                                       5359.3
2022-05-14 23:23:35.121843  | value_loss/Median                                      26.0438
2022-05-14 23:23:35.121888  | value_loss/Min                                          1.02073
2022-05-14 23:23:35.121934  | value_loss/Max                                     192218
2022-05-14 23:23:35.121979  | alpha_mu_loss/Average                                   0.00763681
2022-05-14 23:23:35.122025  | alpha_mu_loss/Std                                       0.000121495
2022-05-14 23:23:35.122123  | alpha_mu_loss/Median                                    0.00763173
2022-05-14 23:23:35.122171  | alpha_mu_loss/Min                                       0.00741721
2022-05-14 23:23:35.122217  | alpha_mu_loss/Max                                       0.00780897
2022-05-14 23:23:35.122263  | alpha_sigma_loss/Average                               -0.00150917
2022-05-14 23:23:35.122309  | alpha_sigma_loss/Std                                    0.00063004
2022-05-14 23:23:35.122354  | alpha_sigma_loss/Median                                -0.00139124
2022-05-14 23:23:35.122398  | alpha_sigma_loss/Min                                   -0.00394763
2022-05-14 23:23:35.122455  | alpha_sigma_loss/Max                                    8.82583e-06
2022-05-14 23:23:35.122502  | mu_kl/Average                                           0.00810226
2022-05-14 23:23:35.122548  | mu_kl/Std                                               0.00423545
2022-05-14 23:23:35.122594  | mu_kl/Median                                            0.00725965
2022-05-14 23:23:35.122639  | mu_kl/Min                                               6.51929e-06
2022-05-14 23:23:35.122684  | mu_kl/Max                                               0.0325184
2022-05-14 23:23:35.122729  | sigma_kl/Average                                        0.00151917
2022-05-14 23:23:35.122775  | sigma_kl/Std                                            0.00063004
2022-05-14 23:23:35.122820  | sigma_kl/Median                                         0.00140124
2022-05-14 23:23:35.122865  | sigma_kl/Min                                            1.17417e-06
2022-05-14 23:23:35.122910  | sigma_kl/Max                                            0.00395763
2022-05-14 23:23:35.122955  | advantage/Average                                      -0.597212
2022-05-14 23:23:35.123001  | advantage/Std                                          32.8722
2022-05-14 23:23:35.123065  | advantage/Median                                       -1.12525
2022-05-14 23:23:35.123111  | advantage/Min                                      -15178.5
2022-05-14 23:23:35.123157  | advantage/Max                                       38997.1
2022-05-14 23:23:35.123213  | normalized_return/Average                              -4.99462
2022-05-14 23:23:35.123260  | normalized_return/Std                                  33.7592
2022-05-14 23:23:35.123306  | normalized_return/Median                               -3.12108
2022-05-14 23:23:35.123351  | normalized_return/Min                              -15177.8
2022-05-14 23:23:35.123396  | normalized_return/Max                               38997.2
2022-05-14 23:23:35.123456  | alpha/Average                                         nan
2022-05-14 23:23:35.123502  | alpha/Std                                             nan
2022-05-14 23:23:35.123547  | alpha/Median                                          nan
2022-05-14 23:23:35.123593  | alpha/Min                                             nan
2022-05-14 23:23:35.123639  | alpha/Max                                             nan
2022-05-14 23:23:35.123685  | eta/Average                                             1.10721
2022-05-14 23:23:35.123732  | eta/Std                                                 0.0625712
2022-05-14 23:23:35.123778  | eta/Median                                              1.10689
2022-05-14 23:23:35.123823  | eta/Min                                                 1
2022-05-14 23:23:35.123943  | eta/Max                                                 1.21891
2022-05-14 23:23:35.123999  | alpha_mu/Average                                        1.01824
2022-05-14 23:23:35.124045  | alpha_mu/Std                                            0.0161994
2022-05-14 23:23:35.124091  | alpha_mu/Median                                         1.01756
2022-05-14 23:23:35.124138  | alpha_mu/Min                                            0.988961
2022-05-14 23:23:35.124183  | alpha_mu/Max                                            1.0412
2022-05-14 23:23:35.124230  | alpha_sigma/Average                                     1.11493
2022-05-14 23:23:35.124276  | alpha_sigma/Std                                         0.0610194
2022-05-14 23:23:35.124322  | alpha_sigma/Median                                      1.12328
2022-05-14 23:23:35.124369  | alpha_sigma/Min                                         0.999835
2022-05-14 23:23:35.124424  | alpha_sigma/Max                                         1.21844
2022-05-14 23:23:35.124475  | pi_mu/Average                                          -0.0515139
2022-05-14 23:23:35.124521  | pi_mu/Std                                               0.0310617
2022-05-14 23:23:35.124567  | pi_mu/Median                                           -0.0525522
2022-05-14 23:23:35.124612  | pi_mu/Min                                              -0.135049
2022-05-14 23:23:35.124657  | pi_mu/Max                                               0.0217978
2022-05-14 23:23:35.124703  | pi_log_std/Average                                      0.70114
2022-05-14 23:23:35.124749  | pi_log_std/Std                                          0.00747356
2022-05-14 23:23:35.124796  | pi_log_std/Median                                       0.700523
2022-05-14 23:23:35.124841  | pi_log_std/Min                                          0.683823
2022-05-14 23:23:35.124887  | pi_log_std/Max                                          0.725791
2022-05-14 23:23:35.124933  | policy_kl/Average                                     nan
2022-05-14 23:23:35.124978  | policy_kl/Std                                         nan
2022-05-14 23:23:35.125024  | policy_kl/Median                                      nan
2022-05-14 23:23:35.125069  | policy_kl/Min                                         nan
2022-05-14 23:23:35.125115  | policy_kl/Max                                         nan
2022-05-14 23:23:35.125160  | entropy/Average                                       nan
2022-05-14 23:23:35.125206  | entropy/Std                                           nan
2022-05-14 23:23:35.125250  | entropy/Median                                        nan
2022-05-14 23:23:35.125295  | entropy/Min                                           nan
2022-05-14 23:23:35.125341  | entropy/Max                                           nan
2022-05-14 23:23:35.125397  | perplexity/Average                                    nan
2022-05-14 23:23:35.125461  | perplexity/Std                                        nan
2022-05-14 23:23:35.125508  | perplexity/Median                                     nan
2022-05-14 23:23:35.125554  | perplexity/Min                                        nan
2022-05-14 23:23:35.125599  | perplexity/Max                                        nan
2022-05-14 23:23:35.125645  | optim_buffer_wait_time/Average                          0
2022-05-14 23:23:35.125691  | optim_buffer_wait_time/Std                              0
2022-05-14 23:23:35.125737  | optim_buffer_wait_time/Median                           0
2022-05-14 23:23:35.125783  | optim_buffer_wait_time/Min                              0
2022-05-14 23:23:35.125828  | optim_buffer_wait_time/Max                              0
2022-05-14 23:23:35.125874  | -------------------------------------------------  ----------------
2022-05-14 23:23:35.126387  | run_84 opt_itr #25 Optimizing over 342 sampler iterations.
2022-05-14 23:56:45.483798  | run_84 ------------evaluating---------------
2022-05-14 23:56:45.487156  | run_84 ------------evaluating---------------
2022-05-14 23:56:45.487084  | run_84 ------------evaluating---------------
2022-05-14 23:56:45.487251  | run_84 ------------evaluating---------------
2022-05-14 23:56:45.487103  | run_84 ------------evaluating---------------
2022-05-14 23:56:45.487152  | run_84 ------------evaluating---------------
2022-05-14 23:56:45.487065  | run_84 ------------evaluating---------------
2022-05-14 23:56:45.487400  | run_84 ------------evaluating---------------
2022-05-14 23:56:45.487690  | run_84 ------------evaluating---------------
2022-05-14 23:56:45.488209  | run_84 ------------evaluating---------------
2022-05-14 23:56:45.489577  | run_84 ------------evaluating---------------
2022-05-14 23:56:45.490182  | run_84 ------------evaluating---------------
2022-05-14 23:56:45.490650  | run_84 ------------evaluating---------------
2022-05-14 23:56:45.490904  | run_84 ------------evaluating---------------
2022-05-14 23:56:45.493220  | run_84 ------------evaluating---------------
2022-05-14 23:56:45.493231  | run_84 ------------evaluating---------------
2022-05-14 23:56:45.493242  | run_84 ------------evaluating---------------
2022-05-14 23:56:45.493258  | run_84 ------------evaluating---------------
2022-05-14 23:56:45.493435  | run_84 ------------evaluating---------------
2022-05-14 23:57:13.336532  | run_84 Evaluation reached max num trajectories (352).
2022-05-14 23:57:54.770713  | run_84 opt_itr #49 saving snapshot...
2022-05-14 23:57:54.848435  | run_84 opt_itr #49 saved
2022-05-14 23:57:56.454747  | -------------------------------------------------  ---------------
2022-05-14 23:57:56.455116  | Diagnostics/StepsInEval                            55536
2022-05-14 23:57:56.455250  | Diagnostics/TrajsInEval                              356
2022-05-14 23:57:56.455361  | Diagnostics/CumEvalTime                               83.5501
2022-05-14 23:57:56.455467  | Diagnostics/Iteration                                 49
2022-05-14 23:57:56.455571  | Diagnostics/SamplerIteration                         690
2022-05-14 23:57:56.455682  | Diagnostics/CumTime (s)                             4253.57
2022-05-14 23:57:56.455782  | Diagnostics/CumSteps                                   1.00685e+07
2022-05-14 23:57:56.455885  | Diagnostics/CumUpdates                              4600
2022-05-14 23:57:56.456000  | Diagnostics/ReplayRatio                                3.99813
2022-05-14 23:57:56.456100  | Diagnostics/CumReplayRatio                             3.74269
2022-05-14 23:57:56.456175  | Diagnostics/StepsPerSecond                          2385.92
2022-05-14 23:57:56.456227  | Diagnostics/NonEvalSamplesPerSecond                 2418.72
2022-05-14 23:57:56.456278  | Diagnostics/UpdatesPerSecond                           1.16445
2022-05-14 23:57:56.456327  | Diagnostics/OptThrottle                                0.140925
2022-05-14 23:57:56.456390  | Traj_Infos/Length                                    156
2022-05-14 23:57:56.456440  | Traj_Infos/Return                                     16.0786
2022-05-14 23:57:56.456490  | Traj_Infos/NonzeroRewards                            150
2022-05-14 23:57:56.456539  | Traj_Infos/DiscountedReturn                           -6.56696
2022-05-14 23:57:56.456589  | Traj_Infos/dooropenv1_episode_success                  0
2022-05-14 23:57:56.456638  | Traj_Infos/dooropenv1_episode_success_traj_sum         0
2022-05-14 23:57:56.456687  | Traj_Infos/drawerclosev1_episode_success               0
2022-05-14 23:57:56.456736  | Traj_Infos/drawerclosev1_episode_success_traj_sum      0
2022-05-14 23:57:56.456784  | Traj_Infos/draweropenv1_episode_success                0
2022-05-14 23:57:56.456831  | Traj_Infos/draweropenv1_episode_success_traj_sum       0
2022-05-14 23:57:56.456879  | Traj_Infos/doorclosev1_episode_success                 0
2022-05-14 23:57:56.456936  | Traj_Infos/doorclosev1_episode_success_traj_sum        0
2022-05-14 23:57:56.456989  | Traj_Infos/episode_success                             0
2022-05-14 23:57:56.457036  | Traj_Infos/episode_success_traj_sum                    0
2022-05-14 23:57:56.457083  | Traj_Infos/training_episode_success                    0
2022-05-14 23:57:56.457130  | Traj_Infos/training_episode_success_traj_sum           0
2022-05-14 23:57:56.457177  | Traj_Infos/testing_episode_success                     0
2022-05-14 23:57:56.457223  | Traj_Infos/testing_episode_success_traj_sum            0
2022-05-14 23:57:56.457269  | Traj_Infos/demonstration_success                       0
2022-05-14 23:57:56.457315  | Traj_Infos/demonstration_success_traj_sum              0
2022-05-14 23:57:56.457361  | Traj_Infos/timeout                                     0
2022-05-14 23:57:56.457408  | Traj_Infos/timeout_traj_sum                            0
2022-05-14 23:57:56.457454  | loss/Average                                          32.1738
2022-05-14 23:57:56.457501  | loss/Std                                              11.8434
2022-05-14 23:57:56.457549  | loss/Median                                           30.6942
2022-05-14 23:57:56.457597  | loss/Min                                               5.16301
2022-05-14 23:57:56.457644  | loss/Max                                              84.2885
2022-05-14 23:57:56.457691  | pi_loss/Average                                        4.20904
2022-05-14 23:57:56.457737  | pi_loss/Std                                            0.434393
2022-05-14 23:57:56.457785  | pi_loss/Median                                         4.18394
2022-05-14 23:57:56.457832  | pi_loss/Min                                            2.82842
2022-05-14 23:57:56.457879  | pi_loss/Max                                            6.68404
2022-05-14 23:57:56.457932  | eta_loss/Average                                      22.1217
2022-05-14 23:57:56.457984  | eta_loss/Std                                           8.25383
